275
272
262
233
123
179
121
159
308
50
196
280
53
303
185
102
18
314
108
38
253
2
136
296
96
164
81
301
318
111
110
153
66
267
161
55
282
44
322
5
277
112
214
116
243
1
106
170
67
257
244
264
62
271
211
323
86
194
178
254
94
208
226
192
14
79
298
265
134
266
270
240
219
15
84
197
151
31
221
118
28
11
172
127
315
85
42
313
156
58
239
32
203
20
163
295
173
97
12
40
160
235
231
101
131
147
305
241
63
145
152
288
107
88
92
215
119
133
287
43
260
212
204
188
75
182
218
16
89
117
300
51
60
224
276
189
26
284
146
45
49
30
312
17
273
10
166
72
132
229
175
125
306
290
90
157
213
52
9
76
294
138
120
210
82
56
261
130
320
299
195
126
61
238
21
93
181
129
278
48
80
256
202
198
251
143
174
309
200
190
177
140
99
98
237
150
59
281
209
46
297
247
104
95
13
222
103
274
286
73
109
54
64
68
91
141
137
228
168
217
158
47
234
236
142
149
65
33
311
69
289
319
78
191
206
83
269
165
139
216
8
34
35
74
242
205
171
291
184
162
100
135
317
23
183
39
0
77
220
27
201
