367
855
611
500
496
34
336
247
798
21
929
617
777
178
668
804
286
179
256
793
358
727
435
885
277
516
685
515
730
671
609
402
814
532
97
157
82
265
222
684
560
937
207
116
543
755
682
64
924
765
740
131
483
241
129
861
228
781
742
464
950
282
475
511
36
255
522
77
92
942
137
163
501
128
577
204
123
709
152
641
350
93
242
774
183
945
852
11
298
887
146
502
661
13
622
825
226
379
625
655
161
246
259
696
199
812
779
533
497
562
711
167
879
591
74
694
441
96
382
525
695
290
660
264
461
29
495
745
232
251
940
649
599
733
403
73
273
715
897
363
452
440
703
322
431
531
262
600
797
274
218
467
176
914
89
535
105
365
593
939
539
894
557
295
647
829
566
792
880
392
676
637
633
261
520
889
281
360
836
266
925
214
681
677
951
134
99
61
296
83
778
428
758
583
841
480
822
32
65
865
117
2
806
723
565
469
513
446
541
499
786
230
76
287
258
455
4
564
114
588
155
567
119
309
823
54
815
659
570
722
313
299
602
830
79
488
192
883
239
492
305
196
620
471
30
344
103
244
16
205
263
605
279
18
847
252
761
901
891
378
563
568
817
878
250
206
846
839
843
864
881
943
331
373
23
558
635
772
667
510
586
673
738
835
397
133
507
645
935
184
479
476
333
886
9
596
234
271
268
245
508
22
686
675
110
849
346
342
631
329
311
112
400
209
109
354
640
489
890
780
473
101
656
540
615
381
95
62
933
108
526
231
913
554
168
487
254
867
409
135
870
555
355
629
35
844
370
514
638
895
132
78
405
556
154
443
917
197
260
7
406
407
664
569
20
674
1
521
460
369
574
763
144
459
796
474
764
165
909
269
873
734
149
70
693
320
223
493
25
752
949
875
697
930
538
923
481
678
106
921
118
701
784
716
782
690
37
291
628
122
816
788
853
398
434
587
527
760
323
550
636
922
169
444
45
91
453
308
172
478
410
307
328
915
700
340
68
454
111
947
235
794
863
58
375
334
173
317
524
872
689
171
589
783
233
579
170
833
486
768
190
876
707
791
85
238
608
762
845
866
408
528
719
301
236
789
932
708
607
468
195
485
71
834
337
928
395
576
626
858
753
948
927
931
597
293
349
523
160
646
687
84
319
288
705
327
941
66
425
145
766
326
332
544
639
857
15
143
542
48
905
364
248
94
606
614
391
51
124
219
630
46
584
821
151
919
731
59
944
270
422
518
386
884
954
324
312
413
417
934
10
411
208
414
153
0
399
482
683
706
553
610
904
598
744
436
39
534
582
669
848
141
343
672
17
38
831
575
280
372
390
808
186
377
509
285
824
361
237
371
735
692
60
50
503
200
216
210
86
174
623
650
632
380
757
732
718
100
49
854
325
138
491
359
423
559
810
451
156
213
916
749
519
512
912
698
547
704
63
790
306
680
191
396
283
67
202
688
385
882
699
158
338
936
952
747
215
819
175
472
383
424
304
572
710
938
773
404
803
902
211
90
257
44
53
536
756
278
842
5
415
561
27
800
394
592
725
19
470
856
419
121
741
182
458
785
832
504
795
657
253
87
185
418
164
189
448
437
702
813
217
335
297
57
537
177
787
869
426
221
393
432
648
549
767
580
827
102
384
88
859
401
303
429
548
552
47
310
227
642
442
769
243
416
737
272
33
601
449
433
799
300
275
498
837
139
140
663
712
484
6
877
506
911
724
643
412
347
662
871
75
809
838
751
